Transformation (cam0):
----------------------

T_ci:  (imu0 to cam0):
[[-0.99996251 -0.0082806   0.00253007  0.1352786 ]
 [ 0.00828459 -0.99996445  0.00157224  0.00196326]
 [ 0.00251697  0.00159314  0.99999556 -0.0098446 ]
 [ 0.          0.          0.          1.        ]]

T_ic:  (cam0 to imu0):
[[-0.99996251  0.00828459  0.00251697  0.13528204]
 [-0.0082806  -0.99996445  0.00159314  0.00309906]
 [ 0.00253007  0.00157224  0.99999556  0.0094992 ]
 [ 0.          0.          0.          1.        ]]

timeshift cam0 to imu0:
0.0007149950713442485
